--------------------------------------------------------
%, #batches, #blks, #pgs/blk, baseline, baseline wearout, wla, wla wearout, improvement, % wearout
5, 10, 50000, 2048, 32298937, 8957063, 20560000, 6550000, 36.345 26.873
10, 10, 50000, 2048, 63981417, 13036061, 47072500, 11612500, 26.428 10.920
15, 10, 50000, 2048, 95647158, 14811292, 74670000, 13962500, 21.932 5.731
20, 10, 50000, 2048, 127360181, 15549769, 104420000, 15200000, 18.012 2.249
25, 10, 50000, 2048, 159027111, 15840061, 133157500, 15687500, 16.267 0.963
30, 10, 50000, 2048, 190698911, 15946696, 163892500, 15825000, 14.057 0.763
35, 10, 50000, 2048, 222379186, 15983700, 194920000, 15950000, 12.348 0.211
40, 10, 50000, 2048, 254057354, 15995359, 223341250, 15950000, 12.090 0.284
45, 10, 50000, 2048, 285757827, 15998872, 255792500, 15987500, 10.486 0.071
50, 10, 50000, 2048, 317448463, 15999760, 286311250, 16000000, 9.809 -0.002
55, 10, 50000, 2048, 349134222, 15999955, 319387500, 16000000, 8.520 -0.000
60, 10, 50000, 2048, 380768394, 15999992, 352050000, 16000000, 7.542 -0.000
65, 10, 50000, 4096, 824311463, 31999998, 782806250, 32000000, 5.035 -0.000
70, 10, 50000, 4096, 887635277, 32000000, 847526250, 32000000, 4.519 0.000
75, 10, 50000, 4096, 950988999, 32000000, 913487500, 32000000, 3.943 0.000
80, 10, 50000, 4096, 1014351683, 32000000, 977180000, 32000000, 3.665 0.000
85, 10, 50000, 4096, 1077758030, 32000000, 1047211250, 32000000, 2.834, 0.000
90, 10, 50000, 4096, 1141116254, 32000000, 1115090000, 32000000, 2.281, 0.000
95, 10, 50000, 4096, 1204489138, 3200000, 1183802500, 3200000, 1.717, 0.000
100, 10, 50000, 4096, 1267818750, 3200000, 1267818750, 3200000, 0.000, 0.000

Total execution time: 796 seconds
