--------------------------------------------------------
%, #batches, #blks, #pgs/blk, baseline, baseline wearout, wla, wla wearout, improvement, % wearout
5, 10, 50000, 4096, 63986441, 17914652, 46816250, 14712500, 26.834 17.874
10, 10, 50000, 4096, 127357570, 26070197, 102702500, 23637500, 19.359 9.331
15, 10, 50000, 4096, 190720472, 29624731, 161487500, 28512500, 15.328 3.754
20, 10, 50000, 4096, 254021992, 31099164, 220197500, 30412500, 13.316 2.208
25, 10, 50000, 4096, 317468366, 31679797, 280905000, 31437500, 11.517 0.765
30, 10, 50000, 4096, 380773430, 31893750, 342056250, 31812500, 10.168, 0.255
35, 10, 50000, 4096, 444166361, 3196774, 402873750, 3192500, 9.297, 0.134
40, 10, 50000, 4096, 507511796, 3199087, 464333750, 3197500, 8.508, 0.050
45, 10, 50000, 4096, 570867314, 3199775, 530345000, 3200000, 7.098, -0.007
50, 10, 50000, 4096, 634207877, 3199950, 588792500, 3200000, 7.161, -0.002
55, 10, 50000, 4096, 697555407, 3199991, 654590000, 3200000, 6.159, -0.000
60, 10, 50000, 4096, 760961854, 3199998, 717525000, 3200000, 5.708, -0.000
65, 10, 50000, 4096, 824341936, 3199999, 783563750, 3200000, 4.947, -0.000
70, 10, 50000, 4096, 887621187, 3200000, 848610000, 3200000, 4.395, 0.000
75, 10, 50000, 4096, 950982987, 3200000, 912742500, 3200000, 4.021, 0.000
80, 10, 50000, 4096, 1014370724, 3200000, 980706250, 3200000, 3.319, 0.000
85, 10, 50000, 4096, 1077710817, 3200000, 1047248750, 3200000, 2.827, 0.000
90, 10, 50000, 4096, 1141107673, 3200000, 1115675000, 3200000, 2.229, 0.000
95, 10, 50000, 4096, 1204453846, 3200000, 1185380000, 3200000, 1.584, 0.000
100, 10, 50000, 4096, 1267818750, 3200000, 1267818750, 3200000, 0.000, 0.000

Total execution time: 988 seconds
